<?xml version="1.0"?>
<opencv_storage>
<Distortion type_id="opencv-matrix">
  <rows>5</rows>
  <cols>1</cols>
  <dt>f</dt>
  <data>
    -2.34712549e-02 5.39828658e-01 -6.58695539e-03 2.89560296e-03
    -1.44608343e+00</data></Distortion>
</opencv_storage>
