%YAML:1.0
camera_matrix: !!opencv-matrix
   rows: 3
   cols: 3
   dt: d
   data: [ 5.2338812559311623e+002, 0., 3.1859233711350760e+002, 0.,
       5.2332543643433257e+002, 2.4926027230995192e+002, 0., 0., 1. ]
distortion_coefficients: !!opencv-matrix
   rows: 1
   cols: 5
   dt: d
   data: [ 2.0111434293586539e-001, -6.6252630097383569e-001,
       1.7185987847012354e-003, -1.3576065073851945e-003,
       7.0503138733142734e-001 ]
rectification_matrix: !!opencv-matrix
   rows: 3
   cols: 3
   dt: f
   data: [ 1., 0., 0., 0., 1., 0., 0., 0., 1. ]
projection_matrix: !!opencv-matrix
   rows: 4
   cols: 4
   dt: f
   data: [ 5.24722229e+002, 5.54317057e-001, -3.16389709e+002,
       -1.47552986e+001, 1.45554578e+000, -5.23210022e+002,
       -2.49498245e+002, 3.46716829e-002, 4.20259405e-003,
       4.62269003e-004, -9.99991059e-001, -1.14307681e-004, 0., 0., 0.,
       1. ]
